final_values:
  capital: 103125.74230000004
  final_liquid: 103125.74230000004
  position: 0.0
  share_price: 1.14539
initial_values:
  capital: 100000
  position: 0
