final_values:
  capital: 93041.20703999953
  final_liquid: 93041.20703999953
  position: 0.0
  share_price: 1.14539
initial_values:
  capital: 100000
  position: 0
