final_values:
  capital: 105943.86340000002
  cumulative_pnl: -5943.863400000019
  share_price: 1.15255
initial_values:
  capital: 100000
  position: 0
