final_values:
  cumulative_pnl: -5274.129650000497
  final_capital: 100000
  share_price: 1.15255
initial_values:
  capital: 100000
  position: 0
